function y=rho_air(T)
y=361.6./(T-7.13);  %kg/m3
end

% Temperature(K)	Density(kg/m3)
% 248             1.4224
% 253             1.3943
% 258             1.3673
% 263             1.3413
% 268             1.3163
% 273             1.2922
% 278             1.2690
% 283             1.2466
% 288             1.2250
% 293             1.2041
% 298             1.1839
% 303             1.1644
% 308             1.1455
% 313             1.1270
% 323             1.1090
% 333             1.0600
% 343             1.0290
% 353             0.9996
% 363             0.9721
% 373             0.9461
% 473             0.7461
